-25.8281
-26.35898
-26.9775
-27.47658
-28.07993
-28.57005
-29.1678
-29.66711
-30.30392
-30.87255
-31.59115
-32.24631
-33.06494
-33.83105
-34.75434
-35.60447
-36.60072
-37.53827
-38.63801
-39.66698
-40.82467
-41.89472
-43.10479
-44.23516
-45.48445
-46.61257
-47.83633
-48.96124
-50.22031
-51.3903
-52.68777
-53.91194
-55.31219
-56.69341
-58.26553
-59.80464
-61.53997
-63.25469
-65.13454
-66.91835
-68.81863
-70.6431
-72.62773
-74.53287
-76.53094
-78.4034
-80.41185
-82.36272
-84.44617
-86.39952
-88.43523
-90.41353
-92.63074
-94.86267
-97.30724
-99.77651
-102.5628
-105.4811
-108.6933
-111.9204
-115.3561
-118.7629
-122.2263
-125.3251
-128.1839
-130.6148
-132.8717
-134.6565
-135.9715
-136.4504
-136.4058
-135.739
-134.5637
-132.46
-129.6083
-126.1849
-122.9593
-120.0239
-117.7835
-116.4678
-117.133
-120.2608
-126.4338
-135.7765
-148.9791
-166.479
-188.7302
-215.0359
-245.1977
-279.3768
-318.4355
-361.9844
-408.4897
-455.2713
-501.556
-547.1647
-590.6722
-627.3957
-653.3174
-667.8448
-673.1387
-670.0901
-654.9942
-622.2411
-573.4111
-513.0243
-442.5939
-351.9943
-227.8818
-82.10551
51.75383
159.6201
274.6978
420.4937
479.3502
268.9733
-195.2627
-668.7465
-946.8556
-1380.628
-2519.402
-3630.691
-3111.935
-391.9166
2412.23
1792.01
2583.232
12855.89
21439.18
12855.89
2583.232
1792.01
2412.23
-391.9167
-3111.935
-3630.691
-2519.403
-1380.628
-946.8556
-668.7464
-195.2627
268.9734
479.3501
420.4936
274.6978
159.6201
51.75378
-82.10553
-227.8818
-351.9944
-442.5938
-513.0243
-573.4111
-622.241
-654.9941
-670.09
-673.1386
-667.8447
-653.3175
-627.3956
-590.6722
-547.1648
-501.5561
-455.2713
-408.4897
-361.9844
-318.4355
-279.3768
-245.1978
-215.0358
-188.7302
-166.479
-148.9791
-135.7764
-126.4338
-120.2608
-117.133
-116.4678
-117.7835
-120.0239
-122.9593
-126.1849
-129.6083
-132.46
-134.5637
-135.739
-136.4058
-136.4504
-135.9715
-134.6564
-132.8717
-130.6148
-128.1839
-125.3251
-122.2263
-118.7629
-115.3561
-111.9204
-108.6933
-105.481
-102.5627
-99.77654
-97.30723
-94.86269
-92.63074
-90.41354
-88.43524
-86.39956
-84.44617
-82.36273
-80.41184
-78.40338
-76.53094
-74.53285
-72.62773
-70.64311
-68.81864
-66.91835
-65.13454
-63.25471
-61.53998
-59.80469
-58.26553
-56.69342
-55.31219
-53.912
-52.68777
-51.39027
-50.22031
-48.96122
-47.83633
-46.61259
-45.48445
-44.23513
-43.1048
-41.89473
-40.82466
-39.66697
-38.63801
-37.53826
-36.60072
-35.60449
-34.75434
-33.83105
-33.06494
-32.24631
-31.59114
-30.87255
-30.30391
-29.6671
-29.16778
-28.57005
-28.07992
-27.47658
-26.9775
-26.35898
